{
 "cells": [
  {
   "cell_type": "code",
   "execution_count": 1,
   "metadata": {},
   "outputs": [],
   "source": [
    "import matplotlib.pyplot as plt\n",
    "import numpy as np\n",
    "import qutip as qt\n",
    "from system import *\n",
    "import scqubits\n",
    "import colorednoise as cn\n",
    "from scipy.optimize import golden\n",
    "class Hamiltonian:\n",
    "    def __init__(self, phi_ex, Ej, Ec, trunc):\n",
    "        self.phi_ex = phi_ex\n",
    "        self.Ej = Ej * 2*np.pi\n",
    "        self.Ec = Ec * 2*np.pi\n",
    "        self.beta = 1\n",
    "        self.N = 1\n",
    "        self.sdim = 10\n",
    "        self.cdim = 6\n",
    "        self.epsilon =1e-6\n",
    "        self.trunc = trunc\n",
    "        self.total_dim = trunc[-1]*trunc[-2]\n",
    "        self.get_H()\n",
    "        self.get_H_der()\n",
    "        self.get_noise_operator()\n",
    "        self.get_projectors()\n",
    "        \n",
    "        \n",
    "\n",
    "    def annihilation(self, dim):\n",
    "        return np.diag(np.sqrt(np.arange(1,dim)),1)\n",
    "    def creation(self, dim):\n",
    "        return np.diag(np.sqrt(np.arange(1,dim)),-1)\n",
    "\n",
    "        \n",
    "    def get_indices(self, dims):\n",
    "        \"\"\"\n",
    "        Convert a list of 2D indices to 1D indices based on given dimensions.\n",
    "        \n",
    "        Args:\n",
    "            dims: List of two integers [N,K] specifying the dimensions to include\n",
    "                 N is number of cavity states\n",
    "                 K is number of SNAIL states\n",
    "                 \n",
    "        Returns:\n",
    "            List of 1D indices corresponding to the 2D indices\n",
    "        \"\"\"\n",
    "        N, K = dims\n",
    "        indices_2d = []\n",
    "        indices_1d = []\n",
    "        \n",
    "        # Generate all 2D indices and store indices outside truncation\n",
    "        for n in range(self.sdim):\n",
    "            for k in range(self.cdim):\n",
    "                # Only add indices that are outside the truncation\n",
    "                if n >= N or k >= K:\n",
    "                    indices_2d.append(f\"{n}{k}\")\n",
    "                    # Convert to 1D index using n*cdim + k\n",
    "                    idx = n*self.cdim + k\n",
    "                    indices_1d.append(idx)\n",
    "\n",
    "        return indices_1d\n",
    "        \n",
    "    def remove_row_col(self, matrix, indices):\n",
    "        # Check if matrix is square\n",
    "        if matrix.shape[0] != matrix.shape[1]:\n",
    "            raise ValueError(\"Input matrix must be square\")\n",
    "        \n",
    "        # Convert single index to list if needed\n",
    "        if isinstance(indices, (int, np.integer)):\n",
    "            indices = [indices]\n",
    "            \n",
    "        # Convert to list if numpy array\n",
    "        if isinstance(indices, np.ndarray):\n",
    "            indices = indices.tolist()\n",
    "            \n",
    "        # Sort indices in descending order to avoid changing indices when deleting\n",
    "        indices = sorted(indices, reverse=True)\n",
    "        \n",
    "        # Check if indices are valid\n",
    "        if any(i < 0 or i >= matrix.shape[0] for i in indices):\n",
    "            raise ValueError(f\"All indices must be between 0 and {matrix.shape[0]-1}\")\n",
    "        \n",
    "        # Remove rows and columns\n",
    "        result = matrix.copy()\n",
    "        for idx in indices:\n",
    "            result = np.delete(np.delete(result, idx, axis=0), idx, axis=1)\n",
    "            \n",
    "        return result\n",
    "    \n",
    "    def truncate_matrix(self, matrix, trunc):\n",
    "        indices = self.get_indices(trunc)\n",
    "        return self.remove_row_col(matrix, indices)\n",
    "    \n",
    "    def get_H(self):\n",
    "        #if we want to use scqubits, replace Hs,charge_op with the ones obtained from scqubits\n",
    "        Hs,charge_op, phi_zpf, noise = SNAIL(self.phi_ex, self.beta, self.N, self.Ej, self.Ec)\n",
    "        self.Hs = Hs\n",
    "        squid = [Hs,charge_op]\n",
    "        cavity = scqubits.Oscillator(\n",
    "            E_osc=5.226,\n",
    "            truncated_dim = 6\n",
    "        )\n",
    "        Hc = np.diag(cavity.eigenvals() - cavity.eigenvals()[0])*2*np.pi\n",
    "        Vc = cavity.creation_operator() + cavity.annihilation_operator()\n",
    "        cavity = [Hc,Vc]\n",
    "        H,H_control,noise = composite_sys(squid,cavity,noise)\n",
    "        evals,U = np.linalg.eigh(H)\n",
    "        evals,U = sort_eigenpairs(evals,U)\n",
    "        evals = evals - evals[0]\n",
    "        Ud = U.T.conj()\n",
    "        self.U1 = U\n",
    "        self.Ud1 = Ud\n",
    "\n",
    "        self.omega_c = evals[1]\n",
    "        self.omega_s = evals[self.cdim]\n",
    "        self.chi = evals[self.cdim+1] - evals[self.cdim] - evals[1]\n",
    "        self.anh = evals[2*self.cdim] - 2*evals[self.cdim]\n",
    "        self.phi_zpf = phi_zpf\n",
    "        self.H, self.H_control = H,H_control\n",
    "        self.noise = noise\n",
    "\n",
    "        cavity_sigmax = np.zeros((self.cdim, self.cdim))\n",
    "        cavity_sigmax[0,1] = 1\n",
    "        cavity_sigmax[1,0] = 1\n",
    "        sigmaxc = np.kron(np.eye(self.sdim), cavity_sigmax)\n",
    "        self.sigmaxc = self.truncate_matrix(sigmaxc, self.trunc)\n",
    "        squid_sigmax = np.zeros((self.sdim, self.sdim))\n",
    "        squid_sigmax[0,1] = 1\n",
    "        squid_sigmax[1,0] = 1\n",
    "        sigmaxs = np.kron(squid_sigmax, np.eye(self.cdim))\n",
    "        self.sigmaxs = self.truncate_matrix(sigmaxs, self.trunc)\n",
    "    \n",
    "    \n",
    "        \n",
    "    def get_H_der(self):\n",
    "        original_phi = self.phi_ex\n",
    "        Hs,charge_op, phi_zpf,noise = SNAIL(self.phi_ex+self.epsilon, self.beta, self.N, self.Ej, self.Ec)\n",
    "        squid = [Hs,charge_op]\n",
    "        cavity = scqubits.Oscillator(\n",
    "            E_osc=5.226,\n",
    "            truncated_dim = 6\n",
    "        )\n",
    "        Hc = np.diag(cavity.eigenvals() - cavity.eigenvals()[0])*2*np.pi\n",
    "        Vc = cavity.creation_operator() + cavity.annihilation_operator()\n",
    "        cavity = [Hc,Vc]\n",
    "        H,H_control,noise = composite_sys(squid,cavity,noise)\n",
    "        evals,U = np.linalg.eigh(H)\n",
    "        evals,U = sort_eigenpairs(evals,U)\n",
    "        evals = evals - evals[0]\n",
    "        Ud = U.T.conj()\n",
    "\n",
    "        self.H_per = H\n",
    "        self.H_control_per = H_control\n",
    "\n",
    "        self.omega_s_per = evals[self.cdim]\n",
    "        self.omega_c_per = evals[1]\n",
    "\n",
    "    def get_noise_operator(self):\n",
    "        H_per = self.H_per\n",
    "        H = self.H\n",
    "        self.noise1 = (H_per - H) / self.epsilon\n",
    "        # s = self.annihilation(self.sdim)\n",
    "        # sd = self.creation(self.sdim)\n",
    "        # ic = np.identity(self.cdim)\n",
    "        # self.noise = self.truncate_matrix(np.kron(sd@s, ic), self.trunc)\n",
    "        self.noise1 = self.Ud1@self.noise1@self.U1\n",
    "        self.noise1 = self.truncate_matrix(self.noise1, self.trunc)\n",
    "\n",
    "        self.noise = self.Ud1@self.noise@self.U1\n",
    "        self.noise = self.truncate_matrix(self.noise, self.trunc)\n",
    "\n",
    "\n",
    "        self.H = self.Ud1@self.H@self.U1\n",
    "        self.H = self.truncate_matrix(self.H, self.trunc)\n",
    "        self.H_control = self.Ud1@self.H_control@self.U1\n",
    "        self.H_control = self.truncate_matrix(self.H_control, self.trunc)\n",
    "    \n",
    "    def get_projectors(self):\n",
    "        trunc = self.trunc\n",
    "        truncated_total_dim = trunc[-1]*trunc[-2]\n",
    "        projectors = []\n",
    "        for i in range(truncated_total_dim):\n",
    "            projector = qt.basis(truncated_total_dim, i)*qt.basis(truncated_total_dim, i).dag()\n",
    "\n",
    "            projectors.append(projector)\n",
    "        self.projectors = projectors\n",
    "        \n",
    "\n",
    "    def static_rate(self, der):\n",
    "        A = 5e-6\n",
    "        return np.abs(der*4.4)*1e6*A\n",
    "    \n",
    "    def calculate_dr_exact(self, A, omega):\n",
    "        energy01,energy02,energy03= calculate_floquet_energies(A, omega, self.H, self.H_control)\n",
    "        energy01_,energy02_,energy03_ = calculate_floquet_energies(A, omega, self.H_per, self.H_control_per)\n",
    "        der1 = (energy01_ - energy01) / self.epsilon\n",
    "        return self.static_rate(der1)\n",
    "\n",
    "    \n",
    "    def optimal_omegad(self, A):\n",
    "        # Create a wrapper function that ensures we return a Python float\n",
    "        def calculate_dr_wrapper(A, omega_d):\n",
    "            result = self.calculate_dr_exact(A, omega_d)\n",
    "            return float(result)\n",
    "\n",
    "        # Define objective function\n",
    "        def objective(omega_d):\n",
    "            return calculate_dr_wrapper(A, omega_d)\n",
    "\n",
    "        # Try different bracketing values until we find ones that work\n",
    "        omega_min = 5.8 * 2 * np.pi\n",
    "        omega_max = 6.4 * 2 * np.pi\n",
    "        n_points = 10\n",
    "        omega_range = np.linspace(omega_min, omega_max, n_points)\n",
    "        \n",
    "        # Find minimum point among test points\n",
    "        rates = [objective(omega) for omega in omega_range]\n",
    "        min_idx = np.argmin(rates)\n",
    "        \n",
    "        if min_idx == 0 or min_idx == len(omega_range)-1:\n",
    "            # If minimum is at edge, return that value\n",
    "            optimal_omega = omega_range[min_idx]\n",
    "            min_rate = rates[min_idx]\n",
    "        else:\n",
    "            # Use points around minimum for bracketing\n",
    "            xa = omega_range[min_idx-1]\n",
    "            xb = omega_range[min_idx]\n",
    "            xc = omega_range[min_idx+1]\n",
    "            \n",
    "            # Use golden section search for optimization\n",
    "            optimal_omega = golden(objective, brack=(xa, xb, xc))\n",
    "            min_rate = objective(optimal_omega)\n",
    "        \n",
    "        return optimal_omega/2/np.pi, min_rate\n",
    "    \n",
    "\n",
    "    def calculate_floquet_U(self, A, omega):\n",
    "        # Define system parameters\n",
    "        H0 = qt.Qobj(self.H)\n",
    "        Hc = qt.Qobj(self.H_control)\n",
    "\n",
    "        T = (2 * np.pi) / omega\n",
    "\n",
    "        # Define the Hamiltonian\n",
    "        H = [H0, [Hc, lambda t, args: A * np.cos(args['w'] * t)]]\n",
    "\n",
    "        # Set up the Floquet solver\n",
    "        floquet_basis = qt.FloquetBasis(H, T, args={'w': omega})\n",
    "\n",
    "        # Compute Floquet modes and energies\n",
    "        f_modes = floquet_basis.mode(0)\n",
    "        f_energies = floquet_basis.e_quasi\n",
    "        f_modes = np.array(f_modes)\n",
    "        # Convert list of Qobj to numpy array\n",
    "        f_modes_array = []\n",
    "        for mode in f_modes:\n",
    "            f_modes_array.append(mode.full().flatten())\n",
    "        f_modes = np.array(f_modes_array)\n",
    "        f_modes = f_modes.T\n",
    "        evals, U = sort_eigenpairs(f_energies,f_modes)\n",
    "        Ud = U.T.conj()\n",
    "        self.sigmax_dressed = Ud@self.sigmaxc@U\n",
    "        initial_state = np.sqrt(1/2)*(U[:,0] + U[:,1])\n",
    "        return initial_state, self.sigmax_dressed,\n",
    "    \n",
    "    def calculate_floquet_U_test(self, A, omega):\n",
    "        # Define system parameters\n",
    "        H0 = qt.Qobj(self.H)\n",
    "        Hc = qt.Qobj(self.H_control)\n",
    "\n",
    "        T = (2 * np.pi) / omega\n",
    "\n",
    "        # Define the Hamiltonian\n",
    "        H = [H0, [Hc, lambda t, args: A * np.cos(args['w'] * t)]]\n",
    "\n",
    "        # Set up the Floquet solver\n",
    "        floquet_basis = qt.FloquetBasis(H, T, args={'w': omega})\n",
    "\n",
    "        # Compute Floquet modes and energies\n",
    "        f_modes = floquet_basis.mode(0)\n",
    "        f_energies = floquet_basis.e_quasi\n",
    "        f_modes = np.array(f_modes)\n",
    "        # Convert list of Qobj to numpy array\n",
    "        f_modes_array = []\n",
    "        for mode in f_modes:\n",
    "            f_modes_array.append(mode.full().flatten())\n",
    "        f_modes = np.array(f_modes_array)\n",
    "        f_modes = f_modes.T\n",
    "        evals, U = sort_eigenpairs(f_energies,f_modes)\n",
    "        Ud = U.T.conj()\n",
    "        noise = Ud@self.noise@U\n",
    "        H = Ud@self.H@U\n",
    "        H_control = Ud@self.H_control@U\n",
    "        return noise, H, H_control\n",
    "\n",
    "    def setup_floquet_system(self, A, optimal_omega):\n",
    "        # Define system parameters\n",
    "        H0 = qt.Qobj(self.H)\n",
    "        Hc = qt.Qobj(self.H_control)\n",
    "\n",
    "        T = (2 * np.pi) / optimal_omega\n",
    "\n",
    "        # Define the Hamiltonian\n",
    "        H = [H0, [Hc, lambda t, args: A * np.cos(args['w'] * t)]]\n",
    "\n",
    "        # Set up the Floquet solver\n",
    "        floquet_basis = qt.FloquetBasis(H, T, args={'w': optimal_omega})\n",
    "        \n",
    "        def state_and_sigmax(t):\n",
    "            # Compute Floquet modes and energies\n",
    "            f_modes = floquet_basis.mode(t)\n",
    "            f_energies = floquet_basis.e_quasi\n",
    "            f_modes = np.array(f_modes)\n",
    "            # Convert list of Qobj to numpy array\n",
    "            f_modes_array = []\n",
    "            for mode in f_modes:\n",
    "                f_modes_array.append(mode.full().flatten())\n",
    "            f_modes = np.array(f_modes_array)\n",
    "            f_modes = f_modes.T\n",
    "            evals, U = sort_eigenpairs(f_energies,f_modes)\n",
    "            Ud = U.T.conj()\n",
    "\n",
    "            return U, Ud@self.sigmaxc@U\n",
    "\n",
    "        U, sigmax = state_and_sigmax(0)\n",
    "        initial_state = np.sqrt(1/2)*(U[:,0] + U[:,1])\n",
    "        # initial_state = U[:,0]\n",
    "        \n",
    "        def get_projector(U):\n",
    "            projs = []\n",
    "            for i in range(U.shape[1]):\n",
    "                state = qt.Qobj(U[:,i])\n",
    "                proj = state * state.dag()\n",
    "                projs.append(proj)\n",
    "            return projs\n",
    "            \n",
    "        return initial_state, state_and_sigmax, get_projector\n"
   ]
  },
  {
   "cell_type": "code",
   "execution_count": 2,
   "metadata": {},
   "outputs": [],
   "source": [
    "def generate_noise_trajectory(sample_rate, t_max, relative_PSD_strength, f0, white=False):\n",
    "    \"\"\"\n",
    "    Generate N realizations of 1/f^alpha noise with T samples each.\n",
    "    Returns array of shape (N, T).\n",
    "    \"\"\"\n",
    "    N = int(sample_rate * t_max) + 1\n",
    "    if white == True:\n",
    "        # Generate white noise\n",
    "        alpha = 0\n",
    "    if white == False:\n",
    "        # Generate 1/f^alpha noise\n",
    "        alpha = 1\n",
    "    \n",
    "    return cn.powerlaw_psd_gaussian(alpha, N, fmin=f0)*np.sqrt(relative_PSD_strength * sample_rate)"
   ]
  },
  {
   "cell_type": "code",
   "execution_count": 68,
   "metadata": {},
   "outputs": [],
   "source": [
    "\n",
    "\n",
    "phi_ex = 0.2\n",
    "Ej = 30.19 \n",
    "Ec = 0.1\n",
    "sc = Hamiltonian(phi_ex, Ej, Ec, [5,3])\n",
    "H0 = qt.Qobj(sc.H)\n",
    "H_control = qt.Qobj(sc.H_control)\n",
    "A = 15e-3 * 2 * np.pi\n",
    "optimal_omega = sc.optimal_omegad(A)[0]*2*np.pi\n"
   ]
  },
  {
   "cell_type": "code",
   "execution_count": 70,
   "metadata": {},
   "outputs": [
    {
     "data": {
      "text/plain": [
       "array([[ 0.00000000e+00+0.00000000e+00j, -7.59468507e-17+3.39928446e-15j,\n",
       "         3.04526676e-01+1.65945343e-18j,  9.35218089e-15-1.96205482e-15j,\n",
       "        -4.73159476e+00+3.07264707e-19j,  2.14798941e-15+8.21425249e-16j,\n",
       "        -3.09362159e+01+2.38103876e-19j, -1.31047918e-15+1.46181659e-17j,\n",
       "         3.77408009e-02-5.09126991e-16j, -6.95100521e-16+1.92195697e-16j,\n",
       "         2.60281690e-01-4.56600583e-16j,  3.58836629e-16-3.20401793e-16j,\n",
       "         8.77129659e-01-6.00861259e-16j,  4.87227550e-16+4.87153758e-17j,\n",
       "         4.03152651e-03-2.43649995e-18j],\n",
       "       [-7.59468507e-17-3.39928446e-15j, -4.11649225e-01+3.50853692e-15j,\n",
       "        -2.04592265e-14-2.19617893e-14j, -9.78254670e-01-4.16325358e+00j,\n",
       "         7.72389356e-14+1.42734862e-14j, -9.53616610e-02+6.69914049e+00j,\n",
       "        -1.02628870e-14-3.74441642e-14j, -1.27571261e+00+3.07896664e+01j,\n",
       "         6.75295511e-14-9.92667900e-14j, -6.11206694e-02+1.48869763e+00j,\n",
       "         7.87173231e-14-1.37313050e-13j,  1.46854074e-02-3.66190416e-01j,\n",
       "         1.38964498e-14+4.31017191e-14j,  3.34628358e-02-8.44073868e-01j,\n",
       "         6.02141655e-14+2.79563374e-14j],\n",
       "       [ 3.04526676e-01-1.65945343e-18j, -2.04592265e-14+2.19617893e-14j,\n",
       "        -8.25084725e-01-1.51208838e-32j,  1.60190062e-14-7.57370201e-15j,\n",
       "         6.05778145e+00+3.84521931e-17j,  2.23694437e-14-4.09508153e-15j,\n",
       "        -5.10276852e-02+3.23821045e-18j, -2.16533781e-14-2.54174516e-15j,\n",
       "         3.06937695e+01-8.38295774e-15j,  1.10869161e-14+2.75660741e-15j,\n",
       "        -2.11788520e+00-7.70104603e-15j,  4.47126363e-15+9.43530963e-16j,\n",
       "         9.41604620e-02-9.55376370e-15j,  1.19793873e-14-2.73450218e-16j,\n",
       "         8.12033924e-01+4.71227976e-16j],\n",
       "       [ 9.35218089e-15+1.96205482e-15j, -9.78254670e-01+4.16325358e+00j,\n",
       "         1.60190062e-14+7.57370201e-15j, -4.44212254e+01+3.23518326e-14j,\n",
       "        -1.44827625e-14+1.81462526e-14j,  4.89023335e-01+1.22277773e-01j,\n",
       "        -7.94487647e-14-1.56062278e-14j,  8.04412108e+00+2.24530892e+00j,\n",
       "         7.67356592e-15+5.67931636e-15j, -5.09781564e+01-1.42085767e+01j,\n",
       "         1.66468334e-14+2.82920010e-15j, -1.09461179e-01-3.03966641e-02j,\n",
       "         8.82402394e-14+1.45968112e-14j, -6.62619072e-01-1.83678184e-01j,\n",
       "         3.31933231e-14+3.50850882e-15j],\n",
       "       [-4.73159476e+00-3.07264707e-19j,  7.72389356e-14-1.42734862e-14j,\n",
       "         6.05778145e+00-3.84521931e-17j, -1.44827625e-14-1.81462526e-14j,\n",
       "        -4.50436353e+01-1.25797915e-32j, -9.83473081e-15+1.53923831e-15j,\n",
       "        -6.77393514e+00+5.37659826e-17j,  4.32887759e-14+1.46718157e-14j,\n",
       "        -1.18383372e+01+2.01466256e-14j,  2.05135879e-14-4.74840026e-15j,\n",
       "        -5.25455346e+01+1.91872008e-14j, -4.16020169e-14+1.04272288e-14j,\n",
       "         3.88190547e+00+2.50614364e-14j, -8.06731397e-14-1.74776031e-15j,\n",
       "        -9.59051512e-01-1.69043187e-15j],\n",
       "       [ 2.14798941e-15-8.21425249e-16j, -9.53616610e-02-6.69914049e+00j,\n",
       "         2.23694437e-14+4.09508153e-15j,  4.89023335e-01-1.22277773e-01j,\n",
       "        -9.83473081e-15-1.53923831e-15j, -4.56713114e+01-1.33441505e-15j,\n",
       "        -2.63843342e-14-7.36319128e-15j, -9.59995531e+00-2.60947904e-01j,\n",
       "         1.85957766e-14+2.15291643e-15j, -1.29463276e-01-3.47037882e-03j,\n",
       "        -7.38573645e-15+2.86908237e-15j, -5.21410850e+01-1.34803116e+00j,\n",
       "        -1.94417551e-14+3.63055158e-14j,  5.52167080e+00+1.40223927e-01j,\n",
       "        -2.10227847e-15-3.13179276e-14j],\n",
       "       [-3.09362159e+01-2.38103876e-19j, -1.02628870e-14+3.74441642e-14j,\n",
       "        -5.10276852e-02-3.23821045e-18j, -7.94487647e-14+1.56062278e-14j,\n",
       "        -6.77393514e+00-5.37659826e-17j, -2.63843342e-14+7.36319128e-15j,\n",
       "        -8.86595826e+01-4.08047713e-33j, -4.59916131e-15+3.74759766e-16j,\n",
       "        -8.83299907e-01+3.95172057e-14j, -8.92260251e-15-1.30667663e-14j,\n",
       "        -1.32132104e+01+3.45576298e-14j, -4.36134068e-15+2.47570135e-14j,\n",
       "        -7.37128460e+01+4.34589870e-14j,  1.99094383e-14-3.67629071e-15j,\n",
       "        -2.77452285e-01+2.42987163e-15j],\n",
       "       [-1.31047918e-15-1.46181659e-17j, -1.27571261e+00-3.07896664e+01j,\n",
       "        -2.16533781e-14+2.54174516e-15j,  8.04412108e+00-2.24530892e+00j,\n",
       "         4.32887759e-14-1.46718157e-14j, -9.59995531e+00+2.60947904e-01j,\n",
       "        -4.59916131e-15-3.74759766e-16j, -8.96391583e+01-7.00829737e-17j,\n",
       "         1.58675623e-16-6.32527253e-14j,  9.44116512e+00-3.55018182e-03j,\n",
       "         3.80258117e-14+2.14721343e-15j, -1.87579653e+01+2.49056213e-02j,\n",
       "        -1.22088920e-14-3.50037349e-15j, -7.27087850e+01+1.29841054e-01j,\n",
       "        -1.61377230e-14+1.44974046e-14j],\n",
       "       [ 3.77408009e-02+5.09126991e-16j,  6.75295511e-14+9.92667900e-14j,\n",
       "         3.06937695e+01+8.38295774e-15j,  7.67356592e-15-5.67931636e-15j,\n",
       "        -1.18383372e+01-2.01466256e-14j,  1.85957766e-14-2.15291643e-15j,\n",
       "        -8.83299907e-01-3.95172057e-14j,  1.58675623e-16+6.32527253e-14j,\n",
       "        -9.06344260e+01+2.07470327e-30j,  1.02937756e-15+1.63083200e-14j,\n",
       "        -1.34047540e+01-4.50747196e-14j, -5.08642052e-15-1.83270757e-14j,\n",
       "         2.83427672e-01-6.20149034e-14j, -1.02479249e-14-2.24279834e-14j,\n",
       "         7.16891411e+01+1.57661775e-14j],\n",
       "       [-6.95100521e-16-1.92195697e-16j, -6.11206694e-02-1.48869763e+00j,\n",
       "         1.10869161e-14-2.75660741e-15j, -5.09781564e+01+1.42085767e+01j,\n",
       "         2.05135879e-14+4.74840026e-15j, -1.29463276e-01+3.47037882e-03j,\n",
       "        -8.92260251e-15+1.30667663e-14j,  9.44116512e+00+3.55018182e-03j,\n",
       "         1.02937756e-15-1.63083200e-14j, -1.32583791e+02-2.42976300e-16j,\n",
       "         2.35769827e-14+2.24292111e-14j,  1.63254471e+00-1.55369788e-03j,\n",
       "         2.56237188e-14+3.02233048e-14j,  2.02445595e+01-2.85394707e-02j,\n",
       "        -1.22028626e-14-2.94789595e-14j],\n",
       "       [ 2.60281690e-01+4.56600583e-16j,  7.87173231e-14+1.37313050e-13j,\n",
       "        -2.11788520e+00+7.70104603e-15j,  1.66468334e-14-2.82920010e-15j,\n",
       "        -5.25455346e+01-1.91872008e-14j, -7.38573645e-15-2.86908237e-15j,\n",
       "        -1.32132104e+01-3.45576298e-14j,  3.80258117e-14-2.14721343e-15j,\n",
       "        -1.34047540e+01+4.50747196e-14j,  2.35769827e-14-2.24292111e-14j,\n",
       "        -1.34193014e+02+1.00918168e-29j, -8.01124267e-14-1.96776610e-14j,\n",
       "        -1.26216049e+01-1.74566773e-14j,  5.85870191e-14-3.30137049e-14j,\n",
       "         2.85768059e+01+4.12945728e-14j],\n",
       "       [ 3.58836629e-16+3.20401793e-16j,  1.46854074e-02+3.66190416e-01j,\n",
       "         4.47126363e-15-9.43530963e-16j, -1.09461179e-01+3.03966641e-02j,\n",
       "        -4.16020169e-14-1.04272288e-14j, -5.21410850e+01+1.34803116e+00j,\n",
       "        -4.36134068e-15-2.47570135e-14j, -1.87579653e+01-2.49056213e-02j,\n",
       "        -5.08642052e-15+1.83270757e-14j,  1.63254471e+00+1.55369788e-03j,\n",
       "        -8.01124267e-14+1.96776610e-14j, -1.35843085e+02-3.69894587e-17j,\n",
       "        -6.85256917e-14-2.18419683e-14j, -1.79421894e+01+8.21808980e-03j,\n",
       "         1.29714931e-13-4.54658306e-15j],\n",
       "       [ 8.77129659e-01+6.00861259e-16j,  1.38964498e-14-4.31017191e-14j,\n",
       "         9.41604620e-02+9.55376370e-15j,  8.82402394e-14-1.45968112e-14j,\n",
       "         3.88190547e+00-2.50614364e-14j, -1.94417551e-14-3.63055158e-14j,\n",
       "        -7.37128460e+01-4.34589870e-14j, -1.22088920e-14+3.50037349e-15j,\n",
       "         2.83427672e-01+6.20149034e-14j,  2.56237188e-14-3.02233048e-14j,\n",
       "        -1.26216049e+01+1.74566773e-14j, -6.85256917e-14+2.18419683e-14j,\n",
       "        -1.75861493e+02-1.65217986e-29j,  2.34890147e-14-4.74508304e-14j,\n",
       "         2.67735799e+00+5.99646567e-14j],\n",
       "       [ 4.87227550e-16-4.87153758e-17j,  3.34628358e-02+8.44073868e-01j,\n",
       "         1.19793873e-14+2.73450218e-16j, -6.62619072e-01+1.83678184e-01j,\n",
       "        -8.06731397e-14+1.74776031e-15j,  5.52167080e+00-1.40223927e-01j,\n",
       "         1.99094383e-14+3.67629071e-15j, -7.27087850e+01-1.29841054e-01j,\n",
       "        -1.02479249e-14+2.24279834e-14j,  2.02445595e+01+2.85394707e-02j,\n",
       "         5.85870191e-14+3.30137049e-14j, -1.79421894e+01-8.21808980e-03j,\n",
       "         2.34890147e-14+4.74508304e-14j, -1.78456166e+02-3.31995283e-19j,\n",
       "        -3.51617110e-14-2.67399505e-15j],\n",
       "       [ 4.03152651e-03+2.43649995e-18j,  6.02141655e-14-2.79563374e-14j,\n",
       "         8.12033924e-01-4.71227976e-16j,  3.31933231e-14-3.50850882e-15j,\n",
       "        -9.59051512e-01+1.69043187e-15j, -2.10227847e-15+3.13179276e-14j,\n",
       "        -2.77452285e-01-2.42987163e-15j, -1.61377230e-14-1.44974046e-14j,\n",
       "         7.16891411e+01-1.57661775e-14j, -1.22028626e-14+2.94789595e-14j,\n",
       "         2.85768059e+01-4.12945728e-14j,  1.29714931e-13+4.54658306e-15j,\n",
       "         2.67735799e+00-5.99646567e-14j, -3.51617110e-14+2.67399505e-15j,\n",
       "        -1.80997752e+02+1.49109835e-29j]])"
      ]
     },
     "execution_count": 70,
     "metadata": {},
     "output_type": "execute_result"
    }
   ],
   "source": [
    "noise = sc.noise.copy()\n",
    "np.fill_diagonal(noise, np.diag(noise) - noise[0,0])\n",
    "-noise*np.sin(phi_ex*np.pi)*np.pi"
   ]
  },
  {
   "cell_type": "code",
   "execution_count": 71,
   "metadata": {},
   "outputs": [
    {
     "data": {
      "text/plain": [
       "np.float64(0.6241381101193648)"
      ]
     },
     "execution_count": 71,
     "metadata": {},
     "output_type": "execute_result"
    }
   ],
   "source": [
    "np.sin(phi_ex)*np.pi"
   ]
  },
  {
   "cell_type": "code",
   "execution_count": 72,
   "metadata": {},
   "outputs": [
    {
     "data": {
      "text/plain": [
       "array([[ 0.00000000e+00+0.00000000e+00j,  9.16708719e-13+2.31007432e-11j,\n",
       "        -1.86027385e-06+4.02912471e-19j, -2.31423175e-10+6.41522678e-11j,\n",
       "         2.96608850e-02+2.64351175e-19j, -3.76915367e-10+9.57407589e-12j,\n",
       "        -3.70085008e-04-8.26858039e-19j, -1.58004313e-09-2.81382785e-12j,\n",
       "        -2.76187385e-03-5.81974227e-17j, -3.84727463e-10-5.40069029e-13j,\n",
       "        -8.03534037e-03-2.11509616e-17j, -2.29643768e-10-1.05125218e-13j,\n",
       "         5.00507351e-03+3.50052486e-17j, -3.59538328e-10+1.41082196e-15j,\n",
       "         2.38710595e-02+8.40682649e-17j],\n",
       "       [ 9.16708719e-13-2.31007432e-11j, -4.11649487e-01-7.07433444e-18j,\n",
       "        -3.66861665e-12+9.25553017e-11j, -9.84944651e-01-4.19172478e+00j,\n",
       "         4.62767195e-11-1.16758871e-09j,  6.00307747e-04-4.21715172e-02j,\n",
       "         2.30651217e-10-5.82163150e-09j,  7.80511432e-05-1.88378530e-03j,\n",
       "        -7.59003863e-11+1.93002391e-09j, -5.68693476e-04+1.38514947e-02j,\n",
       "         7.20627687e-11-1.73913237e-09j, -2.38362185e-04+5.94371985e-03j,\n",
       "         9.76717344e-11-2.23288592e-09j,  7.20545590e-04-1.81751991e-02j,\n",
       "         6.03566400e-11-6.10155425e-11j],\n",
       "       [-1.86018762e-06-4.02912471e-19j, -3.66861665e-12-9.25553017e-11j,\n",
       "        -8.25079548e-01-4.81637552e-28j,  3.87235366e-10-1.07342309e-10j,\n",
       "         6.09896666e+00+6.26442820e-17j, -2.05670373e-09+5.22439007e-11j,\n",
       "        -5.25476902e-02+2.37707007e-16j, -7.80772134e-09-1.38989053e-11j,\n",
       "        -2.79332126e-03-1.50063606e-15j, -2.16938306e-09-3.04623825e-12j,\n",
       "        -1.42283486e-02-2.79482492e-15j, -2.94124041e-09-1.34058881e-12j,\n",
       "         1.55811980e-02-7.75168334e-15j, -2.44328880e-09+9.80074588e-15j,\n",
       "         1.95216311e-01-7.73909476e-14j],\n",
       "       [-2.31423175e-10-6.41522678e-11j, -9.84944651e-01+4.19172478e+00j,\n",
       "         3.87235366e-10+1.07342309e-10j, -4.44213408e+01-2.78432742e-17j,\n",
       "        -6.42641842e-09-1.78142842e-09j,  2.19639000e-04+5.49196040e-05j,\n",
       "        -4.21536086e-08-1.16851700e-08j, -3.56576475e-02-9.95291258e-03j,\n",
       "        -1.82361967e-09-5.05812594e-10j, -2.60654872e-03-7.26494445e-04j,\n",
       "        -8.09201290e-09-2.24462086e-09j, -1.17143834e-02-3.25300879e-03j,\n",
       "        -1.93415123e-08-5.36564595e-09j, -2.61999586e-02-7.26263554e-03j,\n",
       "         3.24665335e-09+8.76228074e-10j],\n",
       "       [ 2.96608837e-02-2.64351175e-19j,  4.62767195e-11+1.16758871e-09j,\n",
       "         6.09896666e+00-6.26442820e-17j, -6.42641842e-09+1.78142842e-09j,\n",
       "        -4.50431819e+01-5.46966833e-27j,  9.07201119e-09-2.30451459e-10j,\n",
       "        -6.80835165e+00+1.22453914e-16j,  4.07387196e-08+7.25203933e-11j,\n",
       "         4.06060924e-02+3.59897324e-15j,  1.17797315e-08+1.65280893e-11j,\n",
       "        -3.95060684e-02-1.98660481e-15j,  1.08910448e-08+5.00065571e-12j,\n",
       "        -8.49131031e-02-6.43013963e-15j,  1.60167454e-08-6.20140258e-14j,\n",
       "        -1.57775806e+00-3.51640774e-14j],\n",
       "       [-3.76915367e-10-9.57407589e-12j,  6.00307721e-04+4.21715155e-02j,\n",
       "        -2.05670373e-09-5.22439007e-11j,  2.19638416e-04-5.49194580e-05j,\n",
       "         9.07201119e-09+2.30451459e-10j, -4.56676727e+01-4.12572332e-17j,\n",
       "        -1.36764080e-09-3.46611440e-11j, -9.63691098e+00-2.61952440e-01j,\n",
       "         3.78578258e-08+9.60946286e-10j, -1.41888914e-01-3.80345915e-03j,\n",
       "        -1.57475381e-08-4.01814549e-10j, -3.22635987e-01-8.34127951e-03j,\n",
       "         2.96612358e-09+7.12366781e-11j, -7.37843309e-01-1.87376774e-02j,\n",
       "        -1.24071834e-08-3.58432691e-10j],\n",
       "       [-3.70092553e-04+8.26858039e-19j,  2.30651217e-10+5.82163150e-09j,\n",
       "        -5.25476902e-02-2.37707007e-16j, -4.21536086e-08+1.16851700e-08j,\n",
       "        -6.80835165e+00-1.22453914e-16j, -1.36764080e-09+3.46611440e-11j,\n",
       "        -8.86469925e+01-1.51256632e-26j, -6.53199070e-09-1.17028290e-11j,\n",
       "        -5.78357115e-02+9.80805452e-15j, -8.56920130e-10-1.31501124e-12j,\n",
       "        -1.52822569e-01+2.22752494e-15j, -1.66713692e-09-4.60518463e-13j,\n",
       "        -5.29731684e-01-5.10692795e-15j, -2.42924979e-09+9.02264971e-14j,\n",
       "        -7.16843576e+00+3.85755137e-14j],\n",
       "       [-1.58004313e-09+2.81382785e-12j,  7.80508623e-05+1.88377852e-03j,\n",
       "        -7.80772134e-09+1.38989053e-11j, -3.56576518e-02+9.95291379e-03j,\n",
       "         4.07387196e-08-7.25203933e-11j, -9.63691098e+00+2.61952440e-01j,\n",
       "        -6.53199070e-09+1.17028290e-11j, -8.95768556e+01-2.90506779e-17j,\n",
       "        -8.68159296e-09+1.43348220e-11j,  9.44027191e+00-3.54984595e-03j,\n",
       "         2.41154000e-09-5.57916593e-12j, -1.32268400e+00+1.75617485e-03j,\n",
       "        -1.10210428e-09+8.13068960e-13j, -3.26062492e+00+5.82272111e-03j,\n",
       "         3.21403431e-09-5.53307828e-11j],\n",
       "       [-2.76187391e-03+5.81974228e-17j, -7.59003863e-11-1.93002391e-09j,\n",
       "        -2.79331522e-03+1.50063607e-15j, -1.82361967e-09+5.05812594e-10j,\n",
       "         4.06060986e-02-3.59897324e-15j,  3.78578258e-08-9.60946286e-10j,\n",
       "        -5.78357119e-02-9.80805451e-15j, -8.68159296e-09-1.43348220e-11j,\n",
       "        -9.02513761e+01+5.84490297e-26j, -9.03135302e-10-9.23326939e-13j,\n",
       "        -1.22361691e+01+1.84213790e-13j,  3.82160934e-09+3.08158646e-13j,\n",
       "         3.43564727e+00+5.53964676e-13j, -1.80647960e-09-3.26266456e-13j,\n",
       "         3.96932352e+01+5.08365311e-12j],\n",
       "       [-3.84727463e-10+5.40069029e-13j, -5.68693616e-04-1.38514981e-02j,\n",
       "        -2.16938306e-09+3.04623825e-12j, -2.60653318e-03+7.26490113e-04j,\n",
       "         1.17797315e-08-1.65280893e-11j, -1.41888914e-01+3.80345915e-03j,\n",
       "        -8.56920130e-10+1.31501124e-12j,  9.44027191e+00+3.54984595e-03j,\n",
       "        -9.03135302e-10+9.23326939e-13j, -1.32547125e+02+1.30705069e-17j,\n",
       "         8.57547030e-10-2.95813838e-12j,  1.27962386e+00-1.21782201e-03j,\n",
       "         2.23766840e-09-8.48960702e-12j,  2.91919879e+00-4.11529767e-03j,\n",
       "        -2.20065157e-09-2.82071001e-11j],\n",
       "       [-8.03534052e-03+2.11509617e-17j,  7.20627687e-11+1.73913237e-09j,\n",
       "        -1.42283531e-02+2.79482492e-15j, -8.09201290e-09+2.24462086e-09j,\n",
       "        -3.95060533e-02+1.98660482e-15j, -1.57475381e-08+4.01814549e-10j,\n",
       "        -1.52822568e-01-2.22752493e-15j,  2.41154000e-09+5.57916593e-12j,\n",
       "        -1.22361691e+01-1.84213790e-13j,  8.57547030e-10+2.95813838e-12j,\n",
       "        -1.29495022e+02+1.88680373e-25j, -1.33578182e-09-5.64140521e-12j,\n",
       "        -9.67479557e-02+3.50502580e-13j, -1.50410176e-09-1.48274278e-12j,\n",
       "         1.39162777e+02+2.10355833e-13j],\n",
       "       [-2.29643768e-10+1.05125218e-13j, -2.38362193e-04-5.94372005e-03j,\n",
       "        -2.94124041e-09+1.34058881e-12j, -1.17143833e-02+3.25300877e-03j,\n",
       "         1.08910448e-08-5.00065571e-12j, -3.22635973e-01+8.34127915e-03j,\n",
       "        -1.66713692e-09+4.60518463e-13j, -1.32268400e+00-1.75617484e-03j,\n",
       "         3.82160934e-09-3.08158646e-13j,  1.27962386e+00+1.21782201e-03j,\n",
       "        -1.33578182e-09+5.64140521e-12j, -9.87276044e+01+2.48154454e-17j,\n",
       "         2.67105817e-10+1.32148239e-11j,  6.73560995e+01-3.08512223e-02j,\n",
       "         6.85884852e-10+1.09304952e-10j],\n",
       "       [ 5.00507387e-03-3.50052485e-17j,  9.76717344e-11+2.23288592e-09j,\n",
       "         1.55811989e-02+7.75168334e-15j, -1.93415123e-08+5.36564595e-09j,\n",
       "        -8.49131059e-02+6.43013963e-15j,  2.96612358e-09-7.12366781e-11j,\n",
       "        -5.29731672e-01+5.10692796e-15j, -1.10210428e-09-8.13068960e-13j,\n",
       "         3.43564727e+00-5.53964676e-13j,  2.23766840e-09+8.48960702e-12j,\n",
       "        -9.67479552e-02-3.50502580e-13j,  2.67105817e-10-1.32148239e-11j,\n",
       "        -1.41758205e+02+9.85802035e-25j,  5.56142703e-10-4.07847142e-12j,\n",
       "         3.65573951e+02-2.38603811e-12j],\n",
       "       [-3.59538328e-10-1.41082196e-15j,  7.20545602e-04+1.81751994e-02j,\n",
       "        -2.44328880e-09-9.80074588e-15j, -2.61999580e-02+7.26263536e-03j,\n",
       "         1.60167454e-08+6.20140258e-14j, -7.37843313e-01+1.87376775e-02j,\n",
       "        -2.42924979e-09-9.02264971e-14j, -3.26062491e+00-5.82272109e-03j,\n",
       "        -1.80647960e-09+3.26266456e-13j,  2.91919880e+00+4.11529769e-03j,\n",
       "        -1.50410176e-09+1.48274278e-12j,  6.73560995e+01+3.08512223e-02j,\n",
       "         5.56142703e-10+4.07847142e-12j,  1.93549967e+01+1.58146607e-19j,\n",
       "        -5.09175969e-10+3.05269970e-11j],\n",
       "       [ 2.38710595e-02-8.40682649e-17j,  6.03566400e-11+6.10155425e-11j,\n",
       "         1.95216311e-01+7.73909476e-14j,  3.24665335e-09-8.76228074e-10j,\n",
       "        -1.57775806e+00+3.51640774e-14j, -1.24071834e-08+3.58432691e-10j,\n",
       "        -7.16843576e+00-3.85755137e-14j,  3.21403431e-09+5.53307828e-11j,\n",
       "         3.96932352e+01-5.08365311e-12j, -2.20065157e-09+2.82071001e-11j,\n",
       "         1.39162777e+02-2.10355833e-13j,  6.85884852e-10-1.09304952e-10j,\n",
       "         3.65573951e+02+2.38603811e-12j, -5.09175969e-10-3.05269970e-11j,\n",
       "         3.77359235e+03-2.28473292e-24j]])"
      ]
     },
     "execution_count": 72,
     "metadata": {},
     "output_type": "execute_result"
    }
   ],
   "source": [
    "noise_ = sc.noise1.copy()\n",
    "np.fill_diagonal(noise_, np.diag(noise_) - noise_[0,0])\n",
    "noise_"
   ]
  },
  {
   "cell_type": "code",
   "execution_count": 73,
   "metadata": {},
   "outputs": [
    {
     "data": {
      "text/plain": [
       "np.float64(6.192562457158491)"
      ]
     },
     "execution_count": 73,
     "metadata": {},
     "output_type": "execute_result"
    }
   ],
   "source": [
    "optimal_omega /2/np.pi\n"
   ]
  },
  {
   "cell_type": "code",
   "execution_count": 74,
   "metadata": {},
   "outputs": [],
   "source": [
    "# Set parameters\n",
    "sample_rate = 10                    # per ns\n",
    "t_max = 1e3                        # in ns\n",
    "relative_PSD_strength = (1e-2)**2    # sets frequency noise PSD at zero frequency, in (ns^-2)/sample_rate\n",
    "f0 = 1e-4                          # sets cut-off for low-pass filtered noise, in ns^-1\n",
    "num_realizations = 50          # Number of Monte-Carlo trajectories"
   ]
  },
  {
   "cell_type": "code",
   "execution_count": 75,
   "metadata": {},
   "outputs": [],
   "source": [
    "H0 = qt.Qobj(sc.H)\n",
    "H_control = qt.Qobj(sc.H_control)\n",
    "phi_ex = sc.phi_ex\n",
    "initial_stat, state_and_sigmax, get_projector = sc.setup_floquet_system(A, optimal_omega)\n",
    "# noise = sc.noise.copy()\n",
    "# np.fill_diagonal(noise, np.diag(noise) - noise[0,0])\n",
    "# noise[1,1] = 0\n",
    "# noise = qt.Qobj(noise)\n",
    "initial_state = qt.Qobj(initial_stat)\n",
    "t_list = np.linspace(0, t_max, int(sample_rate*t_max) + 1)\n",
    "args = {'w': optimal_omega}\n",
    "\n",
    "# Initialize array to store average values\n",
    "num_times = len(t_list)\n"
   ]
  },
  {
   "cell_type": "code",
   "execution_count": 76,
   "metadata": {},
   "outputs": [
    {
     "data": {
      "text/plain": [
       "np.complex128(0.050675736782326064+6.38378239159465e-16j)"
      ]
     },
     "execution_count": 76,
     "metadata": {},
     "output_type": "execute_result"
    }
   ],
   "source": [
    "U, _ = state_and_sigmax(0.)  # Get U to determine number of levels\n",
    "Ud = U.T.conj()\n",
    "noise1 = Ud@noise@U\n",
    "noise1[1,1] - noise1[0,0]"
   ]
  },
  {
   "cell_type": "code",
   "execution_count": 77,
   "metadata": {},
   "outputs": [
    {
     "data": {
      "text/plain": [
       "array([[ 0.00000000e+00+0.00000000e+00j,  4.11283429e-17-1.84085233e-15j,\n",
       "        -1.64913718e-01-8.98662274e-19j, -5.06459055e-15+1.06253337e-15j,\n",
       "         2.56235314e+00-1.66396475e-19j, -1.16322460e-15-4.44835553e-16j,\n",
       "         1.67532331e+01-1.28943041e-19j,  7.09678371e-16-7.91633798e-18j,\n",
       "        -2.04381958e-02+2.75713203e-16j,  3.76425517e-16-1.04081874e-16j,\n",
       "        -1.40953239e-01+2.47267993e-16j, -1.94324792e-16+1.73510747e-16j,\n",
       "        -4.75001781e-01+3.25391082e-16j, -2.63853755e-16-2.63813794e-17j,\n",
       "        -2.18323740e-03+1.31946492e-18j],\n",
       "       [ 4.11283429e-17+1.84085233e-15j,  2.22924984e-01-1.90001703e-15j,\n",
       "         1.10795125e-14+1.18932120e-14j,  5.29765134e-01+2.25457302e+00j,\n",
